50
1
1
0
0
-45
45
-255
-255
110
-110
0
0
-43
-27
-50
-60
30
16
-84
94
0
0
0
0
23
23
50
8
10
40
12
10
0
0
0.1
0
0
0
0
0
0
0
0
0
0
0
0
0
0
0
0.65
0.5
-0.5
1
0.2
-0.6
1
0.6
0
1
0
0
1
0.8
0.2
0.65
0.5
-0.5
1
0.2
-0.6
1
0.6
0
1
0
0
1
0.8
0.2
4
6
3
2
5
-1
-7
7
-4
3
-4
45
130
5
-7
1
2
0
0
5
10
-80
70
1
10
1
5
5
10
-70
70
0
6
10
2
5
10
-85
82
1
1
0
10
1
0
10
20
0
10
30
3
20
20
30
-11
5
45
130
0
1
1
0
1
1
1
1.05
1.05
1
1
1
1
0
0
0
0
0
0
0
0
0
0
0
0
1.04083e-17
0
0
0
-20
20
1.04083e-17
0
0
0
0
0
1.04083e-17
0
0
0
,