50
1
1
0
0
-45
45
-240
-240
110
-110
0
0
-43
-27
-50
-60
30
16
-84
94
0
0
0
0
23
23
50
8
10
40
12
10
0
0
0.1
4
6
3
2
5
-1
-7
7
-4
3
-4
-2
1
5
-7
1
2
0
0
5
10
-80
70
1
10
1
5
5
10
-70
70
0
6
10
2
5
10
-85
82
1
1
0
10
5
0
10
20
0
10
30
3
20
20
30
-11
5
45
130
20
1
1
1
1
1
1
1.05
1.05
1
1
1
1
0
0
0
0
0
0
0
0
0
0
0
0
1.04083e-17
0
0
0
-20
20
1.04083e-17
0
0
0
0
0
1.04083e-17
0
0
0
0.2
0
0
0
0
0
20
40
1.04083e-17
0
0
0
0
0
1.04083e-17
0
0
0
0.2
0
0
0
0
0
40
46
-3.46945e-18
0
0
0
0
0
-3.46945e-18
0
0
0
0
0
0
0
0
0
46
50
1
,