45
1
1
0
0
-45
45
-240
-240
50
-130
0
0
-150
-150
190
140
-290
-70
-30
20
-1
-1
0
0
20
20
50
0
0
50
0
0
-4
0
-1
1
2
0
0
5
10
-80
70
1
10
1
5
5
10
-70
70
0
6
10
2
5
10
-85
82
1
1
0
10
5
0
10
20
2
11
30
3
20
20
30
-11
5
45
130
20
1
1
1
1
1
1
1
1
1
1
1
1
3.46945e-18
0
0
0
0
0
0
0
0
0
0
0
1.04083e-17
0
0
0
-20
20
1.04083e-17
0
0
0
0
0
1.04083e-17
0
0
0
0
0
0
0
0
0
20
40
1.04083e-17
0
0
0
0
0
1.04083e-17
0
0
0
0
0
0
0
0
0
40
46
-3.46945e-18
0
0
0
0
0
-3.46945e-18
0
0
0
0
0
0
0
0
0
46
50
0
1
0
0
0
0
,